1
2
4
5
7
9
10
11
12
15
17
19
22
23
26
27
28
31
34
35
36
37
38
39
41
42
44
46
47
50
53
54
56
57
58
59
60
61
63
64
67
70
75
76
83
84
86
87
88
90
91
92
93
95
96
98
101
102
106
107
108
109
111
112
114
115
117
118
120
121
122
123
125
126
127
128
130
132
134
135
136
140
141
142
145
150
151
153
154
158
160
161
162
167
168
169
171
172
173
174
176
178
185
188
189
190
192
195
196
199
200
202
203
204
206
207
208
209
213
214
215
216
220
222
223
225
228
229
230
232
233
234
238
239
241
244
250
253
255
257
258
260
261
263
267
268
270
272
274
282
283
288
290
291
292
298
302
303
305
306
307
308
314
316
319
321
322
324
326
329
331
332
335
339
340
341
343
344
348
352
359
364
365
366
368
372
373
374
376
378
379
381
385
386
388
390
391
394
397
398
399
401
402
405
406
407
409
411
412
416
417
420
424
426
427
432
441
445
446
451
452
456
459
460
465
466
467
469
470
471
473
476
478
479
488
491
494
497
498
501
502
506
510
511
512
513
515
519
520
521
524
530
531
532
533
539
540
543
547
548
549
557
558
561
562
565
566
572
577
580
583
585
588
591
596
597
600
602
604
605
608
612
616
620
623
627
628
631
637
638
639
641
642
643
645
646
648
651
657
659
661
662
664
667
668
670
672
676
681
682
683
684
685
687
688
689
693
700
705
707
713
714
716
717
726
727
730
737
739
740
745
748
749
754
757
759
760
761
763
765
768
770
774
775
776
780
783
784
785
790
792
795
798
803
804
806
809
814
816
817
826
827
830
832
836
837
838
839
843
845
847
849
851
855
857
863
864
867
868
869
870
871
872
874
876
878
880
882
887
888
889
890
895
897
899
904
905
910
912
914
917
918
920
923
925
926
927
929
934
935
937
940
942
944
956
957
962
965
966
971
972
973
975
977
979
980
986
987
988
991
992
995
996