1
2
3
4
7
11
13
14
15
16
17
20
27
28
29
30
31
33
34
35
36
40
41
42
43
46
49
50
51
53
56
58
59
62
64
66
70
73
77
78
79
82
83
84
86
88
90
94
95
96
97
101
106
107
108
109
110
111
112
113
117
119
123
124
126
128
131
134
137
139
141
142
148
152
157
159
160
161
162
163
165
166
169
170
172
174
186
187
189
192
195
196
198
199
200
202
204
205
209
211
213
215
217
219
220
223
225
226
228
231
233
234
236
237
238
239
242
244
245
247
249
252
254
257
259
260
262
266
270
272
273
274
276
277
280
284
285
287
288
291
292
293
294
296
299
300
302
306
308
310
311
313
314
316
317
322
325
328
336
337
339
340
346
347
349
352
357
358
359
360
361
367
370
372
375
378
379
391
393
394
397
399
400