4
5
8
9
12
13
15
19
22
23
24
25
27
31
33
36
41
43
45
50
54
55
62
63
65
68
70
71
84
86
94
97
105
109
110
113
116
119
123
125
131
132
136
142
149
156
159
161
162
164
173
174
175
177
178
190
198
202
204
212
214
216
219
223
226
227
232
235
236
237
238
251
253
257
263
267
268
269
270
272
283
291
299
300
301
302
306
309
313
315
317
324
327
342
343
344
346
347
351
354
357
361
363
365
366
368
372
375
382
386
387
388
391
396
400
402
405
406
407
415
416
421
424
427
432
434
435
438
443
446
451
452
460
468
471
472
474
477
478
485
495
498
499
502
506
512
514
515
518
528
531
533
547
551
556
559
562
564
568
571
573
577
581
582
583
586
594
597
599
600
603
606
615
620
621
624
627
639
640
643
648
649
651
667
668
671
674
682
684
685
686
689
690
691
693
695
696
703
704
706
709
710
711
712
715
718
721
731
737
742
746
747
748
749
751
757
762
763
781
790
791
792
796
798