3
4
5
6
8
9
10
12
13
15
16
17
18
19
20
22
24
25
27
28
31
32
34
36
39
40
42
44
45
48
49
51
52
53
57
60
61
62
64
66
67
72
73
74
76
77
79
83
85
88
92
94
95
99
102
103
105
110
112
116
119
120
122
123
125
127
128
129
130
131
133
135
136
137
138
140
144
145
147
148
149
152
154
157
160
167
168
169
176
178
181
186
187
188
189
194
195
197
199
200
202
203
205
206
207
210
218
219
221
222
223
225
226
227
232
233
234
235
236
239
241
243
244
245
246
249
251
252
254
258
259
260
261
264
266
271
278
279
281
284
286
289
293
294
295
296
298
299
300
301
304
306
310
315
319
321
325
326
327
330
331
332
337
339
340
341
342
345
346
347
348
350
352
353
355
358
363
364
365
368
370
371
372
374
375
376
378
379
381
384
386
390
392
393
394
397
398
399
401
404
411
412
414
415
416
417
423
424
426
427
430
432
433
435
437
439
442
443
444
452
454
455
456
458
459
466
469
471
472
473
474
475
477
480
483
486
488
489
492
493
495
496
497
498
499
504
505
508
512
513
515
517
518
521
522
528
530
531
534
535
537
538
541
544
545
546
552
555
558
561
563
565
566
571
576
577
579
580
581
583
585
587
591
593
596
597
600
601
609
610
612
617
618
619
624
627
631
633
636
638
639
643
645
646
647
648
649
650
651
656
657
665
666
667
670
672
673
674
679
680
686
687
689
690
691
692
694
697
700
702
704
709
710
713
718
720
721
723
724
727
732
733
737
740
744
746
747
748
752
753
754
758
760
766
767
768
772
774
776
777
778
779
780
781
782
788
789
792
793
794
795
796
797
798
800