2
5
7
8
9
10
11
12
17
19
24
27
29
32
33
34
37
40
41
46
48
50
55
56
58
59
60
62
63
64
65
68
69
71
75
77
78
82
86
91
92
95
98
99
106
108
110
111
117
119
120
122
123
126
128
129
132
137
139
140
141
142
143
146
150
151
152
160
163
165
173
176
178
179
180
181
182
186
191
192
195
198
199
201
202
207
212
213
223
229
233
234
237
238
240
241
246
255
256
258
259
263
266
269
270
272
274
276
280
282
283
284
287
289
291
292
293
294
299
300
301
303
304
305
306
307
308
311
316
325
334
339
340
343
345
351
353
358
359
360
363
367
371
380
386
391
392
396
397
399
401
402
404
405
408
413
418
420
422
425
429
435
440
443
444
449
454
460
461
466
467
468
470
471
474
482
483
485
486
487
495
500
501
505
507
512
514
516
519
531
533
534
540
547
549
552
553
560
562
563
566
567
569
575
576
577
578
580
582
588
589
591
599
601
602
603
604
611
612
615
616
629
636
644
648
655
657
659
660
665
668
669
670
673
676
678
681
682
683
684
686
693
696
698
700
703
705
709
712
713
717
721
723
726
728
730
731
732
734
736
749
756
758
762
768
769
777
783
785
788
789
791
794
798
799